20090001
201100fc
200b7fff
216bffff
1560fffe
200b7fff
216b7fff
201000a4
8e080000
01284004
ae080000
22100004
1211fff6
08000008
00000000
00000000
00000000
00000000
00000000
00000000
00000000
00000000
00000000
00000000
00000000
00000000
00000000
00000000
00000000
00000000
00000000
00000000
00000000
00000000
00000000
00000000
00000000
00000000
00000000
00000000
55555555
00000000
00000000
00000000
00000000
f000000f
0f0000f0
00f00f00
000ff000
000ff000
00f00f00
0f0000f0
f000000f
00000000
00000000
00000000
00000000
00000000
00000000
00000000
00000000
00000000
00000000
aaaaaaaa